[{"fx":722.2150268554688,"fy":722.1699829101563,"height":1024,"id":0,"img_name":"1698132964.499888.png","position":[0.6193490624427795,0.046528857201337814,0.21499525010585785],"rotation":[[1.0,0.0,0.0],[0.0,1.0,0.0],[0.0,0.0,1.0]],"width":1224},{"fx":722.2150268554688,"fy":722.1699829101563,"height":1024,"id":1,"img_name":"1698132964.799900.png","position":[0.6191134452819824,0.0467122346162796,0.21376630663871765],"rotation":[[0.9983197450637817,-0.008383329026401043,0.05733565241098404],[0.007433081511408091,0.9998317956924438,0.016766658052802086],[-0.05746656656265259,-0.016312306746840477,0.9982141852378845]],"width":1224},{"fx":722.2150268554688,"fy":722.1699829101563,"height":1024,"id":2,"img_name":"1698132965.099933.png","position":[0.618826150894165,0.046821173280477524,0.21249520778656006],"rotation":[[0.9998206496238708,-0.011175919324159622,0.01528851967304945],[0.011201070621609688,0.999936044216156,-0.0015604416839778423],[-0.015270101837813854,0.001731409691274166,0.9998819231987]],"width":1224},{"fx":722.2150268554688,"fy":722.1699829101563,"height":1024,"id":3,"img_name":"1698132965.599983.png","position":[0.6184938549995422,0.04696410149335861,0.2104506492614746],"rotation":[[0.9997195601463318,-0.014662455767393112,0.0185965858399868],[0.014498820528388023,0.9998552203178406,0.008903765119612217],[-0.01872444525361061,-0.008631640113890171,0.999787449836731]],"width":1224},{"fx":722.2150268554688,"fy":722.1699829101563,"height":1024,"id":4,"img_name":"1698132966.399966.png","position":[0.618209183216095,0.04698288440704346,0.20733067393302917],"rotation":[[0.9990987181663513,-0.010033618658781052,0.04124445840716362],[0.010835487395524979,0.9997556805610657,-0.01926451362669468],[-0.04104108735918999,0.019694054499268532,0.9989633560180664]],"width":1224},{"fx":722.2150268554688,"fy":722.1699829101563,"height":1024,"id":5,"img_name":"1698132967.099887.png","position":[0.6178123354911804,0.04698752239346504,0.20270635187625885],"rotation":[[0.9997302889823914,-0.0012372946366667747,0.023192180320620537],[0.002227280056104064,0.9990850687026978,-0.04270908609032631],[-0.023118117824196815,0.04274922236800194,0.9988183379173279]],"width":1224},{"fx":722.2150268554688,"fy":722.1699829101563,"height":1024,"id":6,"img_name":"1698132967.699834.png","position":[0.6173442602157593,0.046944186091423035,0.1971093863248825],"rotation":[[0.9996877312660217,-0.013003685511648655,0.021337466314435005],[0.014324155636131763,0.9979140758514404,-0.0629466250538826],[-0.020474420860409737,0.06323260813951492,0.9977887868881226]],"width":1224},{"fx":722.2150268554688,"fy":722.1699829101563,"height":1024,"id":7,"img_name":"1698132968.399962.png","position":[0.6167669892311096,0.04708635434508324,0.19014358520507813],"rotation":[[0.9997482895851135,-0.013376766815781593,0.018011093139648438],[0.014383357018232346,0.9982722997665405,-0.05696934461593628],[-0.017217911779880524,0.05721406638622284,0.9982134699821472]],"width":1224},{"fx":722.2150268554688,"fy":722.1699829101563,"height":1024,"id":8,"img_name":"1698132969.499981.png","position":[0.6159877777099609,0.04747723788022995,0.17919586598873138],"rotation":[[0.9995102286338806,-0.011566256172955036,0.0290774405002594],[0.01312484685331583,0.9984549283981323,-0.05399486422538757],[-0.028407994657754898,0.05435005575418472,0.9981177449226379]],"width":1224},{"fx":722.2150268554688,"fy":722.1699829101563,"height":1024,"id":9,"img_name":"1698132971.099888.png","position":[0.6145943999290466,0.04776335135102272,0.16381026804447174],"rotation":[[0.9998094439506531,-0.012621370144188404,0.014890429563820362],[0.013543316163122654,0.997887909412384,-0.06353233009576797],[-0.014057113789021969,0.06372188776731491,0.9978687167167664]],"width":1224},{"fx":722.2150268554688,"fy":722.1699829101563,"height":1024,"id":10,"img_name":"1698133003.699889.png","position":[0.6034897565841675,0.04944732412695885,0.020499631762504578],"rotation":[[0.3404541611671448,-0.9399415254592896,0.02451849728822708],[0.9356989860534668,0.3361213207244873,-0.10719171166419983],[0.09251272678375244,0.059435803443193436,0.9939360022544861]],"width":1224},{"fx":722.2150268554688,"fy":722.1699829101563,"height":1024,"id":11,"img_name":"1698133015.599970.png","position":[0.5903249382972717,0.04871518909931183,-0.11347807198762894],"rotation":[[0.3397826552391052,-0.9403520822525024,0.016907479614019394],[0.9357296228408813,0.3361940383911133,-0.10669483244419098],[0.09464651346206665,0.0520738810300827,0.9941480755805969]],"width":1224},{"fx":722.2150268554688,"fy":722.1699829101563,"height":1024,"id":12,"img_name":"1698133021.299800.png","position":[0.5843878984451294,0.04820726066827774,-0.12223922461271286],"rotation":[[0.9301391243934631,-0.04381272941827774,0.3645842373371124],[0.07746179401874542,0.9939252138137817,-0.07818128913640976],[-0.3589441478252411,0.10096082836389542,0.9278825521469116]],"width":1224},{"fx":722.2150268554688,"fy":722.1699829101563,"height":1024,"id":13,"img_name":"1698133071.499986.png","position":[0.1936156302690506,0.028857070952653885,-0.09369706362485886],"rotation":[[0.9855405688285828,-0.046878691762685776,0.1628255695104599],[0.06320319324731827,0.9933176040649414,-0.09656886756420135],[-0.15721048414707184,0.10546363890171051,0.981917679309845]],"width":1224},{"fx":722.2150268554688,"fy":722.1699829101563,"height":1024,"id":14,"img_name":"1698133078.499912.png","position":[0.018121866509318352,-0.05662842467427254,-0.08527399599552155],"rotation":[[0.18127131462097168,-0.9617502093315125,-0.20537099242210388],[0.9821222424507141,0.18781733512878418,-0.01267346739768982],[0.05076094716787338,-0.1994020789861679,0.9786021113395691]],"width":1224},{"fx":722.2150268554688,"fy":722.1699829101563,"height":1024,"id":15,"img_name":"1698133080.099900.png","position":[0.014606834389269352,-0.10565553605556488,-0.08780112117528915],"rotation":[[0.08621418476104736,-0.9959886074066162,0.023959405720233917],[0.9827349185943604,0.0889694094657898,0.16222412884235382],[-0.1637050211429596,0.00955970585346222,0.9864630103111267]],"width":1224},{"fx":722.2150268554688,"fy":722.1699829101563,"height":1024,"id":16,"img_name":"1698133083.699899.png","position":[0.006705215200781822,-0.22503294050693512,-0.09282083064317703],"rotation":[[0.08609181642532349,-0.9962308406829834,0.010592207312583923],[0.9961787462234497,0.08623439073562622,0.01383301429450512],[-0.01469428837299347,0.009360825642943382,0.9998481869697571]],"width":1224},{"fx":722.2150268554688,"fy":722.1699829101563,"height":1024,"id":17,"img_name":"1698133087.399798.png","position":[-0.008898849599063396,-0.34490320086479187,-0.09835118055343628],"rotation":[[0.2507466673851013,-0.9492197632789612,0.19002091884613037],[0.9679866433143616,0.24814504384994507,-0.03776034712791443],[-0.011309877038002014,0.19340600073337555,0.9810535907745361]],"width":1224},{"fx":722.2150268554688,"fy":722.1699829101563,"height":1024,"id":18,"img_name":"1698133091.799836.png","position":[-0.09349419176578522,-0.4605325758457184,-0.10086832940578461],"rotation":[[0.7408332824707031,-0.6517830491065979,0.16231125593185425],[0.659423291683197,0.7517198324203491,0.008844282478094101],[-0.12777715921401978,0.10047967731952667,0.9866999983787537]],"width":1224},{"fx":722.2150268554688,"fy":722.1699829101563,"height":1024,"id":19,"img_name":"1698133099.299921.png","position":[-0.19995857775211334,-0.4831829071044922,-0.09751488268375397],"rotation":[[-0.12604522705078125,0.9885581731796265,-0.08285743743181229],[-0.9435098171234131,-0.14526236057281494,-0.2978053390979767],[-0.3064339756965637,0.04063987731933594,0.9510239958763123]],"width":1224},{"fx":722.2150268554688,"fy":722.1699829101563,"height":1024,"id":20,"img_name":"1698133101.899813.png","position":[-0.18866747617721558,-0.42074963450431824,-0.09413544833660126],"rotation":[[-0.14100337028503418,0.9897211790084839,-0.02387690544128418],[-0.9372304677963257,-0.14121711254119873,-0.31883662939071655],[-0.3189311623573303,-0.02257886528968811,0.9475088715553284]],"width":1224},{"fx":722.2150268554688,"fy":722.1699829101563,"height":1024,"id":21,"img_name":"1698133107.899818.png","position":[-0.16239945590496063,-0.22757095098495483,-0.08495599031448364],"rotation":[[-0.13241684436798096,0.9910070300102234,-0.01925523579120636],[-0.9421003460884094,-0.13187241554260254,-0.3083125054836273],[-0.3080791234970093,-0.02268540859222412,0.9510902166366577]],"width":1224},{"fx":722.2150268554688,"fy":722.1699829101563,"height":1024,"id":22,"img_name":"1698133111.899821.png","position":[-0.1443975567817688,-0.09629862755537033,-0.07958587259054184],"rotation":[[-0.1347414255142212,0.9906348586082458,-0.022081181406974792],[-0.9534319043159485,-0.13568532466888428,-0.26936471462249756],[-0.2698381543159485,-0.015241637825965881,0.9627850651741028]],"width":1224},{"fx":722.2150268554688,"fy":722.1699829101563,"height":1024,"id":23,"img_name":"1698133113.599918.png","position":[-0.13993115723133087,-0.04544959217309952,-0.07717465609312057],"rotation":[[-0.02747821807861328,0.9512779116630554,0.3071077764034271],[-0.9560531973838806,0.06470376253128052,-0.2859645187854767],[-0.2919027507305145,-0.30146917700767517,0.907694399356842]],"width":1224},{"fx":722.2150268554688,"fy":722.1699829101563,"height":1024,"id":24,"img_name":"1698133116.699890.png","position":[-0.1911322921514511,0.01066239271312952,-0.0719681978225708],"rotation":[[0.932858943939209,0.22708505392074585,0.279654324054718],[-0.27430301904678345,0.9509830474853516,0.14279060065746307],[-0.23352091014385223,-0.20991350710391998,0.9494231343269348]],"width":1224},{"fx":722.2150268554688,"fy":722.1699829101563,"height":1024,"id":25,"img_name":"1698133119.299813.png","position":[-0.26614630222320557,0.005834002047777176,-0.06938526779413223],"rotation":[[0.9571242928504944,-0.2058035433292389,0.20385780930519104],[0.1657983660697937,0.9662703275680542,0.19705989956855774],[-0.23753735423088074,-0.1548115313053131,0.9589626789093018]],"width":1224},{"fx":722.2150268554688,"fy":722.1699829101563,"height":1024,"id":26,"img_name":"1698133120.099795.png","position":[-0.28945720195770264,-0.003424873109906912,-0.06854714453220367],"rotation":[[0.9030014872550964,-0.4227062463760376,-0.07686178386211395],[0.4291301369667053,0.8786935806274414,0.20915302634239197],[-0.020872337743639946,-0.2218492031097412,0.9748575687408447]],"width":1224},{"fx":722.2150268554688,"fy":722.1699829101563,"height":1024,"id":27,"img_name":"1698133121.199824.png","position":[-0.31629082560539246,-0.02623581327497959,-0.06831816583871841],"rotation":[[0.6580750346183777,-0.7295828461647034,-0.18613457679748535],[0.7523663640022278,0.6274034976959229,0.20077268779277802],[-0.029698826372623444,-0.27216488122940063,0.9617922306060791]],"width":1224},{"fx":722.2150268554688,"fy":722.1699829101563,"height":1024,"id":28,"img_name":"1698133121.899821.png","position":[-0.3280278742313385,-0.04595869034528732,-0.06862931698560715],"rotation":[[0.4543243646621704,-0.8579816818237305,-0.23970161378383636],[0.8905669450759888,0.4308187961578369,0.14589646458625793],[-0.021908536553382874,-0.279754638671875,0.9598215222358704]],"width":1224},{"fx":722.2150268554688,"fy":722.1699829101563,"height":1024,"id":29,"img_name":"1698133123.499784.png","position":[-0.3374974727630615,-0.09594863653182983,-0.0705869048833847],"rotation":[[0.06971979141235352,-0.9942885637283325,-0.08080439269542694],[0.9812662601470947,0.08293849229812622,-0.17388993501663208],[0.1795985847711563,-0.06716705113649368,0.9814442992210388]],"width":1224},{"fx":722.2150268554688,"fy":722.1699829101563,"height":1024,"id":30,"img_name":"1698133129.399927.png","position":[-0.3523825407028198,-0.287310391664505,-0.07943447679281235],"rotation":[[0.09542906284332275,-0.995408833026886,-0.007385149598121643],[0.9954190850257874,0.09538120031356812,0.006585791707038879],[-0.005851150490343571,-0.007979794405400753,0.9999510645866394]],"width":1224},{"fx":722.2150268554688,"fy":722.1699829101563,"height":1024,"id":31,"img_name":"1698133133.099826.png","position":[-0.36514410376548767,-0.408348023891449,-0.08561033755540848],"rotation":[[0.09662669897079468,-0.9952523112297058,-0.011676179245114326],[0.9952898621559143,0.09670954942703247,-0.0067480988800525665],[0.007845258340239525,-0.010969134047627449,0.9999090433120728]],"width":1224},{"fx":722.2150268554688,"fy":722.1699829101563,"height":1024,"id":32,"img_name":"1698133134.399899.png","position":[-0.3696347177028656,-0.4510326087474823,-0.08792230486869812],"rotation":[[0.09541893005371094,-0.9953967928886414,-0.008977011777460575],[0.9954368472099304,0.09540700912475586,0.0017520459368824959],[-0.0008875103667378426,-0.009103226475417614,0.9999581575393677]],"width":1224},{"fx":722.2150268554688,"fy":722.1699829101563,"height":1024,"id":33,"img_name":"1698133136.999905.png","position":[-0.37849169969558716,-0.5351839661598206,-0.0926140695810318],"rotation":[[0.09494483470916748,-0.9954766631126404,-0.0034484118223190308],[0.9723848700523376,0.09348320960998535,-0.21384292840957642],[0.2131979763507843,0.016950123012065887,0.9768619537353516]],"width":1224},{"fx":722.2150268554688,"fy":722.1699829101563,"height":1024,"id":34,"img_name":"1698133139.399817.png","position":[-0.4042467772960663,-0.6038907170295715,-0.09636685252189636],"rotation":[[0.5568839311599731,-0.7874035239219666,0.2643406391143799],[0.8302319645881653,0.5370490550994873,-0.14930929243564606],[-0.024397239089012146,0.3026120066642761,0.952801525592804]],"width":1224},{"fx":722.2150268554688,"fy":722.1699829101563,"height":1024,"id":35,"img_name":"1698133141.499908.png","position":[-0.4607740342617035,-0.6447262167930603,-0.09688910841941833],"rotation":[[0.9151473045349121,-0.3831920921802521,0.12517668306827545],[0.4031064212322235,0.8673740029335022,-0.29183489084243774],[0.003253806382417679,0.3175314664840698,0.9482421875]],"width":1224},{"fx":722.2150268554688,"fy":722.1699829101563,"height":1024,"id":36,"img_name":"1698133204.499939.png","position":[-1.0,0.13067086040973663,-0.045133642852306366],"rotation":[[-0.28770697116851807,0.9547215700149536,-0.07570799440145493],[-0.9042749404907227,-0.2968395948410034,-0.3068767786026001],[-0.31545498967170715,-0.019829705357551575,0.9487333297729492]],"width":1224},{"fx":722.2150268554688,"fy":722.1699829101563,"height":1024,"id":37,"img_name":"1698133207.499908.png","position":[-0.969479501247406,0.2298004925251007,-0.042672887444496155],"rotation":[[-0.2855699062347412,0.9560086131095886,-0.06706324964761734],[-0.9226316809654236,-0.2931787967681885,-0.2505936324596405],[-0.25923117995262146,-0.009687282145023346,0.9657667279243469]],"width":1224},{"fx":722.2150268554688,"fy":722.1699829101563,"height":1024,"id":38,"img_name":"1698133209.999928.png","position":[-0.9439782500267029,0.3121039569377899,-0.041232891380786896],"rotation":[[-0.28699684143066406,0.9561900496482849,-0.057736463844776154],[-0.9265498518943787,-0.2923910617828369,-0.23667055368423462],[-0.24318364262580872,-0.014427989721298218,0.9698729515075684]],"width":1224},{"fx":722.2150268554688,"fy":722.1699829101563,"height":1024,"id":39,"img_name":"1698133211.099974.png","position":[-0.9331281781196594,0.34547704458236694,-0.040753379464149475],"rotation":[[-0.29543232917785645,0.9456668496131897,-0.13577282428741455],[-0.9443280100822449,-0.3105943202972412,-0.10851724445819855],[-0.1447913944721222,0.09615457057952881,0.9847790598869324]],"width":1224},{"fx":722.2150268554688,"fy":722.1699829101563,"height":1024,"id":40,"img_name":"1698133211.899898.png","position":[-0.9231722354888916,0.3671317994594574,-0.03980307653546333],"rotation":[[-0.4555877447128296,0.827528715133667,-0.3280797600746155],[-0.864193320274353,-0.49956774711608887,-0.06001821160316467],[-0.21356481313705444,0.2561807632446289,0.9427415132522583]],"width":1224},{"fx":722.2150268554688,"fy":722.1699829101563,"height":1024,"id":41,"img_name":"1698133213.099980.png","position":[-0.8986147046089172,0.3908962905406952,-0.0400797575712204],"rotation":[[-0.8064483404159546,0.5246669054031372,-0.2727007567882538],[-0.5709671974182129,-0.8108663558959961,0.1284223049879074],[-0.1537449210882187,0.25926917791366577,0.953489363193512]],"width":1224},{"fx":722.2150268554688,"fy":722.1699829101563,"height":1024,"id":42,"img_name":"1698133215.099911.png","position":[-0.8429571986198425,0.39348483085632324,-0.04145962744951248],"rotation":[[-0.9665031433105469,-0.23392292857170105,-0.10560078173875809],[0.217728853225708,-0.9651466608047485,0.14521005749702454],[-0.1358882039785385,0.1173536479473114,0.9837492108345032]],"width":1224},{"fx":722.2150268554688,"fy":722.1699829101563,"height":1024,"id":43,"img_name":"1698133217.399985.png","position":[-0.7788156867027283,0.36293527483940125,-0.043654825538396835],"rotation":[[-0.8910567760467529,-0.40733516216278076,-0.20024026930332184],[0.42712318897247314,-0.9017610549926758,-0.06628067791461945],[-0.15357039868831635,-0.14458708465099335,0.9775022864341736]],"width":1224},{"fx":722.2150268554688,"fy":722.1699829101563,"height":1024,"id":44,"img_name":"1698133218.899842.png","position":[-0.7323145866394043,0.3414182960987091,-0.04518117755651474],"rotation":[[-0.9022724628448486,-0.40048742294311523,-0.1597321629524231],[0.415605366230011,-0.9064551591873169,-0.07490890473127365],[-0.11478996276855469,-0.13397377729415894,0.9843141436576843]],"width":1224},{"fx":722.2150268554688,"fy":722.1699829101563,"height":1024,"id":45,"img_name":"1698133220.499901.png","position":[-0.6816664934158325,0.31912320852279663,-0.04709761589765549],"rotation":[[-0.9085700511932373,-0.39026740193367004,-0.14896968007087708],[0.40262487530708313,-0.9131731986999512,-0.06330922991037369],[-0.11132758855819702,-0.11749976128339767,0.9868130683898926]],"width":1224},{"fx":722.2150268554688,"fy":722.1699829101563,"height":1024,"id":46,"img_name":"1698133226.099811.png","position":[-0.5068085193634033,0.24164995551109314,-0.05467686429619789],"rotation":[[-0.9060583114624023,-0.39265167713165283,-0.15774331986904144],[0.4061242341995239,-0.9116030931472778,-0.06358276307582855],[-0.11883343756198883,-0.12167307734489441,0.9854310154914856]],"width":1224},{"fx":722.2150268554688,"fy":722.1699829101563,"height":1024,"id":47,"img_name":"1698133228.699918.png","position":[-0.425784707069397,0.20574851334095,-0.05860238894820213],"rotation":[[-0.9108473062515259,-0.3872867226600647,-0.14271150529384613],[0.39970171451568604,-0.9138939380645752,-0.0709700882434845],[-0.10293738543987274,-0.12168493866920471,0.9872166514396667]],"width":1224},{"fx":722.2150268554688,"fy":722.1699829101563,"height":1024,"id":48,"img_name":"1698133233.199912.png","position":[-0.2850923240184784,0.14583158493041992,-0.06607411801815033],"rotation":[[-0.9404302835464478,-0.3031763434410095,-0.15386824309825897],[0.32565999031066895,-0.9332643747329712,-0.1515374630689621],[-0.09765715897083282,-0.19261910021305084,0.9764020442962646]],"width":1224},{"fx":722.2150268554688,"fy":722.1699829101563,"height":1024,"id":49,"img_name":"1698133237.099971.png","position":[-0.15552914142608643,0.12094029039144516,-0.0724300667643547],"rotation":[[-0.9857965707778931,-0.07832002639770508,-0.14856351912021637],[0.09977826476097107,-0.9846842288970947,-0.14297308027744293],[-0.13509048521518707,-0.15576578676700592,0.9785129427909851]],"width":1224},{"fx":722.2150268554688,"fy":722.1699829101563,"height":1024,"id":50,"img_name":"1698133239.999970.png","position":[-0.05720639228820801,0.1140354573726654,-0.07767345756292343],"rotation":[[-0.9884588718414307,-0.06373408436775208,-0.13742947578430176],[0.08016654849052429,-0.9898251295089722,-0.11755664646625519],[-0.12853878736495972,-0.12721717357635498,0.9835108518600464]],"width":1224},{"fx":722.2150268554688,"fy":722.1699829101563,"height":1024,"id":51,"img_name":"1698133242.599834.png","position":[0.03000410459935665,0.10796456038951874,-0.08218125998973846],"rotation":[[-0.9881793260574341,-0.05817614123225212,-0.14183498919010162],[0.0762137919664383,-0.9891929626464844,-0.12525445222854614],[-0.13301534950733185,-0.13458365201950073,0.9819338917732239]],"width":1224},{"fx":722.2150268554688,"fy":722.1699829101563,"height":1024,"id":52,"img_name":"1698133247.399890.png","position":[0.1903717815876007,0.09693416208028793,-0.09091799706220627],"rotation":[[-0.9879976511001587,-0.06965233385562897,-0.137873575091362],[0.0872708410024643,-0.9881622791290283,-0.12617053091526031],[-0.12745340168476105,-0.13668854534626007,0.982380747795105]],"width":1224},{"fx":722.2150268554688,"fy":722.1699829101563,"height":1024,"id":53,"img_name":"1698133251.499841.png","position":[0.3275671601295471,0.08581068366765976,-0.10194234549999237],"rotation":[[-0.9892886877059937,-0.06426376849412918,-0.13106566667556763],[0.08081125468015671,-0.9888452291488647,-0.12511849403381348],[-0.12156307697296143,-0.1343698799610138,0.9834465980529785]],"width":1224},{"fx":722.2150268554688,"fy":722.1699829101563,"height":1024,"id":54,"img_name":"1698133254.199875.png","position":[0.4189561903476715,0.07921162992715836,-0.10764273256063461],"rotation":[[-0.9896903038024902,-0.06773118674755096,-0.12619717419147491],[0.08371332287788391,-0.9884943962097168,-0.12598037719726563],[-0.1162123829126358,-0.1352459192276001,0.9839732050895691]],"width":1224},{"fx":722.2150268554688,"fy":722.1699829101563,"height":1024,"id":55,"img_name":"1698133254.699813.png","position":[0.4355657398700714,0.07797595113515854,-0.10878726840019226],"rotation":[[-0.990331768989563,-0.06590176373720169,-0.12206496298313141],[0.08174558728933334,-0.9881770610809326,-0.1297067105770111],[-0.11207389831542969,-0.13843095302581787,0.9840103387832642]],"width":1224},{"fx":722.2150268554688,"fy":722.1699829101563,"height":1024,"id":56,"img_name":"1698133283.299827.png","position":[0.6024967432022095,0.05413306504487991,-0.017987947911024094],"rotation":[[0.9987940192222595,0.0014803457306697965,0.049074649810791016],[0.003682229667901993,0.9944716095924377,-0.10494116693735123],[-0.04895869642496109,0.10499531775712967,0.9932668209075928]],"width":1224},{"fx":722.2150268554688,"fy":722.1699829101563,"height":1024,"id":57,"img_name":"1698133290.599997.png","position":[0.6087809801101685,0.050806306302547455,0.06384071707725525],"rotation":[[0.9996277689933777,-0.0029153008945286274,0.027126889675855637],[0.004596363753080368,0.9980583786964417,-0.06211594119668007],[-0.02689313143491745,0.06221750006079674,0.9977002143859863]],"width":1224},{"fx":722.2150268554688,"fy":722.1699829101563,"height":1024,"id":58,"img_name":"1698133300.999990.png","position":[0.6141753792762756,0.048109736293554306,0.13948892056941986],"rotation":[[0.9999085664749146,0.0029204459860920906,0.013205606490373611],[-0.001615609391592443,0.9952086210250854,-0.09776086360216141],[-0.013427838683128357,0.09773058444261551,0.9951223134994507]],"width":1224},{"fx":722.2150268554688,"fy":722.1699829101563,"height":1024,"id":59,"img_name":"1698133312.799832.png","position":[0.6175863146781921,0.04753084108233452,0.18365278840065002],"rotation":[[0.99982088804245,-0.003244713880121708,0.018646644428372383],[0.004429816734045744,0.997948408126831,-0.06387026607990265],[-0.018401147797703743,0.06394141912460327,0.9977840185165405]],"width":1224},{"fx":722.2150268554688,"fy":722.1699829101563,"height":1024,"id":60,"img_name":"1698133317.899891.png","position":[0.6190431118011475,0.04706035181879997,0.20270678400993347],"rotation":[[0.9999753832817078,-0.004234285559505224,-0.005598119460046291],[0.004015735816210508,0.9992508888244629,-0.03849095106124878],[0.005756907165050507,0.038467518985271454,0.9992432594299316]],"width":1224},{"fx":722.2150268554688,"fy":722.1699829101563,"height":1024,"id":61,"img_name":"1698133320.299787.png","position":[0.6195958256721497,0.04722528159618378,0.2082589715719223],"rotation":[[0.9987176060676575,-0.011577107012271881,0.04928652197122574],[0.013248531147837639,0.9993434548377991,-0.033721886575222015],[-0.04886376112699509,0.034331612288951874,0.9982152581214905]],"width":1224},{"fx":722.2150268554688,"fy":722.1699829101563,"height":1024,"id":62,"img_name":"1698133321.299827.png","position":[0.6194614768028259,0.0474078506231308,0.21090930700302124],"rotation":[[0.9999335408210754,-0.007370919454842806,-0.00886557623744011],[0.006797805894166231,0.9979888796806335,-0.06302368640899658],[0.009312288835644722,0.062959223985672,0.9979726672172546]],"width":1224},{"fx":722.2150268554688,"fy":722.1699829101563,"height":1024,"id":63,"img_name":"1698133322.299962.png","position":[0.6197466850280762,0.047195687890052795,0.2130163162946701],"rotation":[[0.9998012781143188,-0.00644347770139575,0.018863506615161896],[0.00731411250308156,0.9988936185836792,-0.04645531624555588],[-0.0185433030128479,0.046584054827690125,0.9987422227859497]],"width":1224},{"fx":722.2150268554688,"fy":722.1699829101563,"height":1024,"id":64,"img_name":"1698133324.099884.png","position":[0.6204216480255127,0.047459304332733154,0.21577765047550201],"rotation":[[0.9992732405662537,-0.00353085994720459,0.037954170256853104],[0.002892546821385622,0.9998536705970764,0.01685977540910244],[-0.03800814971327782,-0.016737738624215126,0.9991372227668762]],"width":1224}]