[{"fx":242.2866668701172,"fy":242.21334838867188,"height":341,"id":0,"img_name":"1658132905.098944.png","position":[-0.025905122980475426,0.9099399447441101,0.8925052881240845],"rotation":[[1.0,0.0,0.0],[0.0,1.0,0.0],[0.0,0.0,1.0]],"width":408},{"fx":242.2866668701172,"fy":242.21334838867188,"height":341,"id":1,"img_name":"1658132905.797695.png","position":[-0.02414761297404766,0.9105156064033508,0.886936366558075],"rotation":[[0.9864917993545532,0.02986106090247631,-0.16106587648391724],[-0.035112082958221436,0.9989373683929443,-0.029853951185941696],[0.16000324487686157,0.03510603681206703,0.9864920377731323]],"width":408},{"fx":242.2866668701172,"fy":242.21334838867188,"height":341,"id":2,"img_name":"1658132906.798973.png","position":[-0.0200498066842556,0.9118466973304749,0.8785079121589661],"rotation":[[0.956616222858429,0.03373932093381882,-0.28939083218574524],[-0.06125432997941971,0.9943622946739197,-0.08655346930027008],[0.28483906388282776,0.1005248874425888,0.953289806842804]],"width":408},{"fx":242.2866668701172,"fy":242.21334838867188,"height":341,"id":3,"img_name":"1658132907.998424.png","position":[-0.015910185873508453,0.9127143025398254,0.8665117025375366],"rotation":[[0.9576764702796936,0.0257706418633461,-0.28669095039367676],[-0.0486951544880867,0.99613356590271,-0.07312124967575073],[0.28369808197021484,0.08398695290088654,0.9552285671234131]],"width":408},{"fx":242.2866668701172,"fy":242.21334838867188,"height":341,"id":4,"img_name":"1658132909.199548.png","position":[-0.011464374139904976,0.9134579300880432,0.8542134165763855],"rotation":[[0.9576699733734131,0.02496715448796749,-0.2867835760116577],[-0.05063054710626602,0.9953106045722961,-0.08242202550172806],[0.2833808660507202,0.09345311671495438,0.9544431567192078]],"width":408},{"fx":242.2866668701172,"fy":242.21334838867188,"height":341,"id":5,"img_name":"1658132910.396199.png","position":[-0.006653775926679373,0.9140918850898743,0.8417951464653015],"rotation":[[0.9527277946472168,0.028242075815796852,-0.30250972509384155],[-0.05383170396089554,0.9956085085868835,-0.07658897340297699],[0.2990182042121887,0.08925305306911469,0.9500641822814941]],"width":408},{"fx":242.2866668701172,"fy":242.21334838867188,"height":341,"id":6,"img_name":"1658132912.497344.png","position":[0.0016861030599102378,0.9150815606117249,0.8207654356956482],"rotation":[[0.9379264712333679,0.035855889320373535,-0.34497570991516113],[-0.061237551271915436,0.9961356520652771,-0.06295804679393768],[0.3413851857185364,0.0801754891872406,0.9364977478981018]],"width":408},{"fx":242.2866668701172,"fy":242.21334838867188,"height":341,"id":7,"img_name":"1658132920.099291.png","position":[0.00933411531150341,0.9173373579978943,0.7921565175056458],"rotation":[[0.9460697770118713,0.0792028158903122,-0.3141319751739502],[-0.10675565898418427,0.9917131066322327,-0.07147262990474701],[0.3058679699897766,0.10115346312522888,0.9466851353645325]],"width":408},{"fx":242.2866668701172,"fy":242.21334838867188,"height":341,"id":8,"img_name":"1658132923.295231.png","position":[0.017098169773817062,0.9194855690002441,0.7503524422645569],"rotation":[[0.93791663646698,0.07486578077077866,-0.33868497610092163],[-0.112493135035038,0.9893056750297546,-0.09284155815839767],[0.32811230421066284,0.12517738342285156,0.9363081455230713]],"width":408},{"fx":242.2866668701172,"fy":242.21334838867188,"height":341,"id":9,"img_name":"1658132925.696656.png","position":[0.018850622698664665,0.9206539392471313,0.718590259552002],"rotation":[[0.9487082958221436,0.080939881503582,-0.3056162893772125],[-0.11004968732595444,0.9907634854316711,-0.07922607660293579],[0.2963809072971344,0.1087954044342041,0.9488529562950134]],"width":408},{"fx":242.2866668701172,"fy":242.21334838867188,"height":341,"id":10,"img_name":"1658132928.098652.png","position":[0.018807923421263695,0.9214150309562683,0.686999499797821],"rotation":[[0.9541443586349487,0.08049746602773666,-0.288320392370224],[-0.1062544658780098,0.9915213584899902,-0.0748027041554451],[0.2798543870449066,0.1020079031586647,0.9546077251434326]],"width":408},{"fx":242.2866668701172,"fy":242.21334838867188,"height":341,"id":11,"img_name":"1658132931.295105.png","position":[0.017624998465180397,0.9197161793708801,0.6444677114486694],"rotation":[[0.9653074741363525,0.08224735409021378,-0.24782414734363556],[-0.10026190429925919,0.9930925965309143,-0.06094779074192047],[0.2410995215177536,0.08368067443370819,0.966886043548584]],"width":408},{"fx":242.2866668701172,"fy":242.21334838867188,"height":341,"id":12,"img_name":"1658132935.797302.png","position":[0.016752509400248528,0.9097177386283875,0.5835188627243042],"rotation":[[0.9704756736755371,0.09114612638950348,-0.223314568400383],[-0.09517630934715271,0.9954334497451782,-0.007327706553041935],[0.2216268926858902,0.028365615755319595,0.9747188687324524]],"width":408},{"fx":242.2866668701172,"fy":242.21334838867188,"height":341,"id":13,"img_name":"1658132940.998589.png","position":[-0.05725288391113281,0.9258686900138855,0.5277149677276611],"rotation":[[0.9571388959884644,-0.2539680600166321,0.1392313838005066],[0.2569733262062073,0.9664112329483032,-0.003746235743165016],[-0.13360333442687988,0.039364419877529144,0.9902527928352356]],"width":408},{"fx":242.2866668701172,"fy":242.21334838867188,"height":341,"id":14,"img_name":"1658132951.496569.png","position":[0.02010958082973957,0.9055628180503845,0.5454071760177612],"rotation":[[0.9464927911758423,-0.21133050322532654,-0.24390743672847748],[0.217372328042984,0.9760863184928894,-0.0021953489631414413],[0.23853863775730133,-0.05094084143638611,0.9697960615158081]],"width":408},{"fx":242.2866668701172,"fy":242.21334838867188,"height":341,"id":15,"img_name":"1658132974.097120.png","position":[-0.0737529844045639,0.9218543171882629,0.5273838043212891],"rotation":[[0.9691758155822754,-0.2369619607925415,0.06743324548006058],[0.23773500323295593,0.9713234901428223,-0.0035634562373161316],[-0.06465508788824081,0.019484857097268105,0.9977174401283264]],"width":408},{"fx":242.2866668701172,"fy":242.21334838867188,"height":341,"id":16,"img_name":"1658132977.494115.png","position":[-0.14801909029483795,0.9027716517448425,0.5204376578330994],"rotation":[[0.9645394086837769,-0.2472311407327652,0.0924144983291626],[0.2473035305738449,0.9688773155212402,0.010849297046661377],[-0.09222058951854706,0.012389855459332466,0.9956614971160889]],"width":408},{"fx":242.2866668701172,"fy":242.21334838867188,"height":341,"id":17,"img_name":"1658132980.494861.png","position":[-0.2374335378408432,0.879084587097168,0.5087555646896362],"rotation":[[0.9703672528266907,-0.2401919662952423,0.026367634534835815],[0.2401326596736908,0.9707248210906982,0.0054404353722929955],[-0.026902467012405396,0.001052509294822812,0.9996374845504761]],"width":408},{"fx":242.2866668701172,"fy":242.21334838867188,"height":341,"id":18,"img_name":"1658132983.594352.png","position":[-0.32705873250961304,0.8568246364593506,0.49314984679222107],"rotation":[[0.9696701765060425,-0.24156256020069122,-0.03724571689963341],[0.2413824051618576,0.9703852534294128,-0.009327691979706287],[0.03839591518044472,5.432404577732086e-05,0.9992626309394836]],"width":408},{"fx":242.2866668701172,"fy":242.21334838867188,"height":341,"id":19,"img_name":"1658132986.594752.png","position":[-0.41149625182151794,0.8356051445007324,0.4750010371208191],"rotation":[[0.9641621112823486,-0.2554780840873718,-0.07157108932733536],[0.25520628690719604,0.9667982459068298,-0.01307167299091816],[0.07253433018922806,-0.0056621781550347805,0.9973498582839966]],"width":408},{"fx":242.2866668701172,"fy":242.21334838867188,"height":341,"id":20,"img_name":"1658132989.096151.png","position":[-0.4804639220237732,0.8189219236373901,0.4571191668510437],"rotation":[[0.957994818687439,-0.2693942189216614,-0.09834999591112137],[0.2689145803451538,0.9629891514778137,-0.01835229992866516],[0.09965398162603378,-0.008866339921951294,0.9949826598167419]],"width":408},{"fx":242.2866668701172,"fy":242.21334838867188,"height":341,"id":21,"img_name":"1658132991.196233.png","position":[-0.5373758673667908,0.8057453632354736,0.43967342376708984],"rotation":[[0.9575084447860718,-0.26132309436798096,-0.12201551347970963],[0.2588019371032715,0.9652459621429443,-0.03635602816939354],[0.12727564573287964,0.0032333508133888245,0.9918621182441711]],"width":408},{"fx":242.2866668701172,"fy":242.21334838867188,"height":341,"id":22,"img_name":"1658132993.896210.png","position":[-0.6075162887573242,0.789017379283905,0.4152802526950836],"rotation":[[0.9510855674743652,-0.25495466589927673,-0.17445436120033264],[0.25128093361854553,0.9669491052627563,-0.04321196675300598],[0.17970559000968933,-0.0027387700974941254,0.983716607093811]],"width":408},{"fx":242.2866668701172,"fy":242.21334838867188,"height":341,"id":23,"img_name":"1658132996.095840.png","position":[-0.6654179692268372,0.7747421264648438,0.3928833603858948],"rotation":[[0.9492220282554626,-0.25337955355644226,-0.18648415803909302],[0.2500942647457123,0.9673386216163635,-0.04133777692914009],[0.19086748361587524,-0.007399886846542358,0.9815879464149475]],"width":408},{"fx":242.2866668701172,"fy":242.21334838867188,"height":341,"id":24,"img_name":"1658132998.694855.png","position":[-0.7294002771377563,0.759002685546875,0.3647857904434204],"rotation":[[0.9360668063163757,-0.2587117850780487,-0.2384263277053833],[0.2529255449771881,0.9659152030944824,-0.055104874074459076],[0.24455589056015015,-0.008722255006432533,0.9695959687232971]],"width":408},{"fx":242.2866668701172,"fy":242.21334838867188,"height":341,"id":25,"img_name":"1658133001.098800.png","position":[-0.7902675867080688,0.738963782787323,0.3360489010810852],"rotation":[[0.9395402669906616,-0.2331833839416504,-0.25077787041664124],[0.24484774470329285,0.9694310426712036,0.015906978398561478],[0.2394026219844818,-0.07634764909744263,0.9679139852523804]],"width":408},{"fx":242.2866668701172,"fy":242.21334838867188,"height":341,"id":26,"img_name":"1658133003.292331.png","position":[-0.8301700353622437,0.7024258971214294,0.31684091687202454],"rotation":[[0.7885597348213196,-0.4229155480861664,-0.44644829630851746],[0.5492339134216309,0.8108987212181091,0.20195412635803223],[0.27661481499671936,-0.4044573903083801,0.8717215657234192]],"width":408},{"fx":242.2866668701172,"fy":242.21334838867188,"height":341,"id":27,"img_name":"1658133005.195608.png","position":[-0.8503580689430237,0.6628820300102234,0.3042781352996826],"rotation":[[0.46226006746292114,-0.6670730113983154,-0.5842339396476746],[0.8650308847427368,0.48413872718811035,0.1316482275724411],[0.1950313001871109,-0.5662360787391663,0.8008367419242859]],"width":408},{"fx":242.2866668701172,"fy":242.21334838867188,"height":341,"id":28,"img_name":"1658133007.095648.png","position":[-0.8534793853759766,0.6190773844718933,0.2980582118034363],"rotation":[[0.04380810260772705,-0.7550644874572754,-0.65418541431427],[0.9978599548339844,0.0648881196975708,-0.00807163119316101],[0.0485435426235199,-0.6524317264556885,0.7562911510467529]],"width":408},{"fx":242.2866668701172,"fy":242.21334838867188,"height":341,"id":29,"img_name":"1658133009.195441.png","position":[-0.8470898270606995,0.5702359080314636,0.2924174964427948],"rotation":[[-0.2493656873703003,-0.8216098546981812,-0.5126147270202637],[0.9673464298248291,-0.23612701892852783,-0.09211356937885284],[-0.04536078870296478,-0.5188460350036621,0.8536633849143982]],"width":408},{"fx":242.2866668701172,"fy":242.21334838867188,"height":341,"id":30,"img_name":"1658133011.291966.png","position":[-0.8321707844734192,0.5198037624359131,0.2897335886955261],"rotation":[[-0.27716147899627686,-0.8364536762237549,-0.4727862477302551],[0.9608203172683716,-0.242531418800354,-0.1341749131679535],[-0.0024343878030776978,-0.491450697183609,0.8709020018577576]],"width":408},{"fx":242.2866668701172,"fy":242.21334838867188,"height":341,"id":31,"img_name":"1658133013.392676.png","position":[-0.814477801322937,0.4664192795753479,0.28626465797424316],"rotation":[[-0.267627477645874,-0.8319244384765625,-0.48608365654945374],[0.9634026288986206,-0.23900270462036133,-0.12138018012046814],[-0.015196174383163452,-0.5007789134979248,0.8654417991638184]],"width":408},{"fx":242.2866668701172,"fy":242.21334838867188,"height":341,"id":32,"img_name":"1658133015.793863.png","position":[-0.7951181530952454,0.4094971716403961,0.27978557348251343],"rotation":[[-0.29009997844696045,-0.834426999092102,-0.46858710050582886],[0.9565222263336182,-0.23740613460540771,-0.16942210495471954],[0.030124977231025696,-0.49736326932907104,0.8670191764831543]],"width":408},{"fx":242.2866668701172,"fy":242.21334838867188,"height":341,"id":33,"img_name":"1658133018.392767.png","position":[-0.7726146578788757,0.3486815392971039,0.27087143063545227],"rotation":[[-0.31983184814453125,-0.8302817344665527,-0.4564429819583893],[0.9445451498031616,-0.24155282974243164,-0.22245658934116364],[0.0744466483592987,-0.5022796392440796,0.8614945411682129]],"width":408},{"fx":242.2866668701172,"fy":242.21334838867188,"height":341,"id":34,"img_name":"1658133020.994563.png","position":[-0.7484531402587891,0.2860499620437622,0.25948330760002136],"rotation":[[-0.319835901260376,-0.8316847085952759,-0.45387858152389526],[0.9439710378646851,-0.23856234550476074,-0.2280503809452057],[0.0813877135515213,-0.5013868808746338,0.8613868355751038]],"width":408},{"fx":242.2866668701172,"fy":242.21334838867188,"height":341,"id":35,"img_name":"1658133023.794945.png","position":[-0.7221431732177734,0.22251075506210327,0.24482545256614685],"rotation":[[-0.34344911575317383,-0.8303425312042236,-0.4388325810432434],[0.9314792156219482,-0.2414841651916504,-0.2720881402492523],[0.11995524168014526,-0.5022118091583252,0.85638427734375]],"width":408},{"fx":242.2866668701172,"fy":242.21334838867188,"height":341,"id":36,"img_name":"1658133026.592775.png","position":[-0.6950808763504028,0.1630372256040573,0.22836993634700775],"rotation":[[-0.3802429437637329,-0.8291471600532532,-0.40979325771331787],[0.9021158814430237,-0.23477768898010254,-0.36203107237815857],[0.20396673679351807,-0.507340669631958,0.8372592329978943]],"width":408},{"fx":242.2866668701172,"fy":242.21334838867188,"height":341,"id":37,"img_name":"1658133029.793972.png","position":[-0.6614265441894531,0.0921836793422699,0.2058051973581314],"rotation":[[-0.3916550874710083,-0.8268321752548218,-0.4036768972873688],[0.893479585647583,-0.2369701862335205,-0.3814963102340698],[0.21977397799491882,-0.51009202003479,0.8315681219100952]],"width":408},{"fx":242.2866668701172,"fy":242.21334838867188,"height":341,"id":38,"img_name":"1658133033.094673.png","position":[-0.6267574429512024,0.023941166698932648,0.17962923645973206],"rotation":[[-0.42126429080963135,-0.8285757899284363,-0.36878007650375366],[0.8643842339515686,-0.24371576309204102,-0.4398210942745209],[0.27454763650894165,-0.5040485858917236,0.8188764452934265]],"width":408},{"fx":242.2866668701172,"fy":242.21334838867188,"height":341,"id":39,"img_name":"1658133035.994808.png","position":[-0.5933882594108582,-0.0357724204659462,0.15365122258663177],"rotation":[[-0.42447590827941895,-0.825712263584137,-0.3715096116065979],[0.8573495745658875,-0.23459959030151367,-0.4581644535064697],[0.29115599393844604,-0.5129933953285217,0.8075059652328491]],"width":408},{"fx":242.2866668701172,"fy":242.21334838867188,"height":341,"id":40,"img_name":"1658133038.793462.png","position":[-0.5623210668563843,-0.0889844298362732,0.1267855018377304],"rotation":[[-0.4485253095626831,-0.8278133869171143,-0.33697205781936646],[0.8235032558441162,-0.23623204231262207,-0.5157878398895264],[0.34737247228622437,-0.5088413953781128,0.7876628637313843]],"width":408},{"fx":242.2866668701172,"fy":242.21334838867188,"height":341,"id":41,"img_name":"1658133041.694990.png","position":[-0.528762936592102,-0.14199669659137726,0.0970863625407219],"rotation":[[-0.47849369049072266,-0.821357250213623,-0.31050944328308105],[0.7835693359375,-0.23979878425598145,-0.5731629133224487],[0.3963117003440857,-0.5175604820251465,0.7583324909210205]],"width":408},{"fx":242.2866668701172,"fy":242.21334838867188,"height":341,"id":42,"img_name":"1658133044.792970.png","position":[-0.4907870888710022,-0.198862686753273,0.061239007860422134],"rotation":[[-0.47705984115600586,-0.8240443468093872,-0.30555641651153564],[0.7784746885299683,-0.23483943939208984,-0.5820888876914978],[0.4079103469848633,-0.5155592560768127,0.7535302042961121]],"width":408},{"fx":242.2866668701172,"fy":242.21334838867188,"height":341,"id":43,"img_name":"1658133047.693031.png","position":[-0.45515176653862,-0.24739131331443787,0.026952426880598068],"rotation":[[-0.5004385709762573,-0.8190032839775085,-0.28070417046546936],[0.7404784560203552,-0.23689305782318115,-0.6289461851119995],[0.44861212372779846,-0.5226043462753296,0.7250046730041504]],"width":408},{"fx":242.2866668701172,"fy":242.21334838867188,"height":341,"id":44,"img_name":"1658133050.591964.png","position":[-0.41729456186294556,-0.2932186424732208,-0.008396974764764309],"rotation":[[-0.515376091003418,-0.8072800040245056,-0.28755319118499756],[0.7020394206047058,-0.20529460906982422,-0.6819055080413818],[0.4914555549621582,-0.5533113479614258,0.6725460290908813]],"width":408},{"fx":242.2866668701172,"fy":242.21334838867188,"height":341,"id":45,"img_name":"1658133053.493298.png","position":[-0.3809581398963928,-0.3372066915035248,-0.047625571489334106],"rotation":[[-0.5294984579086304,-0.8105511665344238,-0.2502761483192444],[0.6683976650238037,-0.21695637702941895,-0.7114594578742981],[0.5223752856254578,-0.5440006852149963,0.656648576259613]],"width":408},{"fx":242.2866668701172,"fy":242.21334838867188,"height":341,"id":46,"img_name":"1658133056.794931.png","position":[-0.33845335245132446,-0.3843018710613251,-0.0944371372461319],"rotation":[[-0.5448782444000244,-0.8112702965736389,-0.21200992166996002],[0.6263626217842102,-0.22569727897644043,-0.7461438179016113],[0.5574742555618286,-0.5393526554107666,0.631126880645752]],"width":408},{"fx":242.2866668701172,"fy":242.21334838867188,"height":341,"id":47,"img_name":"1658133059.892408.png","position":[-0.2975895404815674,-0.4254148304462433,-0.14049844443798065],"rotation":[[-0.5449912548065186,-0.8164205551147461,-0.1908988654613495],[0.5995440483093262,-0.22030854225158691,-0.7694227695465088],[0.5861159563064575,-0.5337808132171631,0.6095459461212158]],"width":408},{"fx":242.2866668701172,"fy":242.21334838867188,"height":341,"id":48,"img_name":"1658133062.491324.png","position":[-0.2632109522819519,-0.4567178785800934,-0.1797570437192917],"rotation":[[-0.5609431266784668,-0.8107976913452148,-0.16718195378780365],[0.5572831630706787,-0.2204902172088623,-0.8005120158195496],[0.6121913194656372,-0.5422094464302063,0.5755264163017273]],"width":408},{"fx":242.2866668701172,"fy":242.21334838867188,"height":341,"id":49,"img_name":"1658133065.892282.png","position":[-0.2177431434392929,-0.4946388304233551,-0.2340661883354187],"rotation":[[-0.572380542755127,-0.808146059513092,-0.13885462284088135],[0.5143271088600159,-0.22194886207580566,-0.8283757567405701],[0.6386299729347229,-0.5455628037452698,0.5426905155181885]],"width":408},{"fx":242.2866668701172,"fy":242.21334838867188,"height":341,"id":50,"img_name":"1658133069.094473.png","position":[-0.17620544135570526,-0.5251291990280151,-0.2845107913017273],"rotation":[[-0.5757637023925781,-0.8141059279441833,-0.07568255066871643],[0.42167478799819946,-0.21636295318603516,-0.880555272102356],[0.7004903554916382,-0.538905143737793,0.46786177158355713]],"width":408},{"fx":242.2866668701172,"fy":242.21334838867188,"height":341,"id":51,"img_name":"1658133072.289454.png","position":[-0.1327902227640152,-0.5541261434555054,-0.3399782180786133],"rotation":[[-0.5851449966430664,-0.8090132474899292,-0.05570384860038757],[0.4033851623535156,-0.23079490661621094,-0.885445773601532],[0.7034811973571777,-0.5405842661857605,0.4613924026489258]],"width":408},{"fx":242.2866668701172,"fy":242.21334838867188,"height":341,"id":52,"img_name":"1658133075.691672.png","position":[-0.08465926349163055,-0.5802879929542542,-0.39890724420547485],"rotation":[[-0.5881602764129639,-0.805270791053772,-0.07487791776657104],[0.3771076500415802,-0.1911698579788208,-0.9062251448631287],[0.7154421806335449,-0.5612425208091736,0.41611218452453613]],"width":408},{"fx":242.2866668701172,"fy":242.21334838867188,"height":341,"id":53,"img_name":"1658133078.590494.png","position":[-0.04710320755839348,-0.5992320775985718,-0.4513697922229767],"rotation":[[-0.5853726863861084,-0.8107254505157471,-0.00794324278831482],[0.32280561327934265,-0.22406768798828125,-0.9195598363876343],[0.7437307834625244,-0.5408493280410767,0.3928697109222412]],"width":408},{"fx":242.2866668701172,"fy":242.21334838867188,"height":341,"id":54,"img_name":"1658133081.993043.png","position":[-0.0015675772447139025,-0.6177439093589783,-0.5142149925231934],"rotation":[[-0.5896694660186768,-0.8072065711021423,0.026598870754241943],[0.28153306245803833,-0.2363067865371704,-0.9299991130828857],[0.7569868564605713,-0.5409035682678223,0.3665981888771057]],"width":408},{"fx":242.2866668701172,"fy":242.21334838867188,"height":341,"id":55,"img_name":"1658133084.991877.png","position":[0.03866419568657875,-0.6297886371612549,-0.5681939721107483],"rotation":[[-0.5839903354644775,-0.8104076385498047,0.046849846839904785],[0.22095739841461182,-0.21422910690307617,-0.9514639973640442],[0.7811102867126465,-0.5452938675880432,0.30417323112487793]],"width":408},{"fx":242.2866668701172,"fy":242.21334838867188,"height":341,"id":56,"img_name":"1658133088.193077.png","position":[0.08066551387310028,-0.639351487159729,-0.6279950141906738],"rotation":[[-0.5803670883178711,-0.8110437393188477,0.07336437702178955],[0.17624309659004211,-0.21304643154144287,-0.9610149264335632],[0.795055091381073,-0.5448114275932312,0.26658594608306885]],"width":408},{"fx":242.2866668701172,"fy":242.21334838867188,"height":341,"id":57,"img_name":"1658133091.289721.png","position":[0.11999541521072388,-0.6448659896850586,-0.6853318810462952],"rotation":[[-0.5763661861419678,-0.8082537651062012,0.12053167819976807],[0.10529688000679016,-0.21971917152404785,-0.9698639512062073],[0.8103793263435364,-0.5463051199913025,0.21174532175064087]],"width":408},{"fx":242.2866668701172,"fy":242.21334838867188,"height":341,"id":58,"img_name":"1658133095.592010.png","position":[0.17787273228168488,-0.6464784145355225,-0.7668166756629944],"rotation":[[-0.5853140354156494,-0.8061059713363647,0.08718320727348328],[0.08398893475532532,-0.1672273874282837,-0.9823344945907593],[0.8064450025558472,-0.567651629447937,0.16558444499969482]],"width":408},{"fx":242.2866668701172,"fy":242.21334838867188,"height":341,"id":59,"img_name":"1658133098.589646.png","position":[0.2132672369480133,-0.6436682939529419,-0.8232429623603821],"rotation":[[-0.5572414398193359,-0.8156188130378723,0.15571925044059753],[0.0073133111000061035,-0.19234800338745117,-0.9812997579574585],[0.8303186893463135,-0.5456817150115967,0.11314880847930908]],"width":408},{"fx":242.2866668701172,"fy":242.21334838867188,"height":341,"id":60,"img_name":"1658133102.389747.png","position":[0.2601303458213806,-0.635391354560852,-0.8955754637718201],"rotation":[[-0.5586926937103271,-0.8107194900512695,0.17491847276687622],[-0.03682014346122742,-0.18645083904266357,-0.9817741513252258],[0.8285570740699768,-0.5549505352973938,0.0743178129196167]],"width":408},{"fx":242.2866668701172,"fy":242.21334838867188,"height":341,"id":61,"img_name":"1658133105.288084.png","position":[0.2956138253211975,-0.6254799365997314,-0.9500229954719543],"rotation":[[-0.5529882907867432,-0.8156635761260986,0.1699906885623932],[-0.05394676327705383,-0.16854465007781982,-0.9842166900634766],[0.831440806388855,-0.5534307956695557,0.04920077323913574]],"width":408},{"fx":242.2866668701172,"fy":242.21334838867188,"height":341,"id":62,"img_name":"1658133107.489594.png","position":[0.3346666991710663,-0.6173520088195801,-0.9828508496284485],"rotation":[[-0.6757510900497437,-0.7369616627693176,0.015749692916870117],[-0.11825895309448242,0.08729761838912964,-0.9891380071640015],[0.7275818586349487,-0.6702735424041748,-0.14614379405975342]],"width":408},{"fx":242.2866668701172,"fy":242.21334838867188,"height":341,"id":63,"img_name":"1658133110.091431.png","position":[0.3844793438911438,-0.6060062646865845,-1.0],"rotation":[[-0.950086236000061,-0.291512131690979,0.11116058379411697],[-0.20042261481285095,0.2972319722175598,-0.9335330724716187],[0.2390957474708557,-0.909216046333313,-0.34082162380218506]],"width":408},{"fx":242.2866668701172,"fy":242.21334838867188,"height":341,"id":64,"img_name":"1658133112.287946.png","position":[0.42440590262413025,-0.5949733257293701,-0.9927314519882202],"rotation":[[-0.9501354694366455,0.15833279490470886,0.26865094900131226],[-0.17823484539985657,0.4311831593513489,-0.8844848275184631],[-0.2558807134628296,-0.8882634043693542,-0.3814619779586792]],"width":408},{"fx":242.2866668701172,"fy":242.21334838867188,"height":341,"id":65,"img_name":"1658133114.489159.png","position":[0.46175074577331543,-0.5801190137863159,-0.9760374426841736],"rotation":[[-0.837348461151123,0.46950846910476685,0.2800166606903076],[-0.14090843498706818,0.30954575538635254,-0.9403862357139587],[-0.5281972289085388,-0.8268876671791077,-0.1930398941040039]],"width":408},{"fx":242.2866668701172,"fy":242.21334838867188,"height":341,"id":66,"img_name":"1658133116.388522.png","position":[0.4868692457675934,-0.5772725343704224,-0.9437758326530457],"rotation":[[-0.7043826580047607,0.5187596082687378,0.4844934344291687],[-0.1207074224948883,0.5850749611854553,-0.8019458055496216],[-0.6994820237159729,-0.6233584880828857,-0.3494986295700073]],"width":408},{"fx":242.2866668701172,"fy":242.21334838867188,"height":341,"id":67,"img_name":"1658133118.287807.png","position":[0.5008596777915955,-0.575905978679657,-0.9087586402893066],"rotation":[[-0.34169864654541016,0.7086797952651978,0.617264449596405],[0.11135920882225037,0.6827009320259094,-0.7221624851226807],[-0.9331889748573303,-0.17802369594573975,-0.31219613552093506]],"width":408},{"fx":242.2866668701172,"fy":242.21334838867188,"height":341,"id":68,"img_name":"1658133120.091611.png","position":[0.49630311131477356,-0.5793893933296204,-0.8770488500595093],"rotation":[[0.09553533792495728,0.7022185325622559,0.7055225968360901],[0.2835221290588379,0.6602113842964172,-0.6955114603042603],[-0.9541950821876526,0.26647719740867615,-0.13602101802825928]],"width":408},{"fx":242.2866668701172,"fy":242.21334838867188,"height":341,"id":69,"img_name":"1658133121.891323.png","position":[0.4822615087032318,-0.5821173191070557,-0.848623514175415],"rotation":[[0.44611209630966187,0.6475479006767273,0.6177909970283508],[0.400157630443573,0.47312653064727783,-0.7848727107048035],[-0.8005359768867493,0.5973549485206604,-0.048053741455078125]],"width":408},{"fx":242.2866668701172,"fy":242.21334838867188,"height":341,"id":70,"img_name":"1658133123.890902.png","position":[0.46134674549102783,-0.5864944458007813,-0.8159069418907166],"rotation":[[0.5314223766326904,0.6813900470733643,0.5032870769500732],[0.38864850997924805,0.3317872881889343,-0.8595752120018005],[-0.752690315246582,0.6523992419242859,-0.08850204944610596]],"width":408},{"fx":242.2866668701172,"fy":242.21334838867188,"height":341,"id":71,"img_name":"1658133125.991220.png","position":[0.4362296462059021,-0.5930342078208923,-0.78291255235672],"rotation":[[0.5357097387313843,0.6958463191986084,0.47834402322769165],[0.38802897930145264,0.30026769638061523,-0.8713626265525818],[-0.7499657273292542,0.65240877866745,-0.10915219783782959]],"width":408},{"fx":242.2866668701172,"fy":242.21334838867188,"height":341,"id":72,"img_name":"1658133127.790433.png","position":[0.4158523976802826,-0.5964570045471191,-0.7575918436050415],"rotation":[[0.5714553594589233,0.6975346803665161,0.4323011040687561],[0.3159250319004059,0.2991912364959717,-0.900375485420227],[-0.7573837637901306,0.6510990858078003,-0.04939424991607666]],"width":408},{"fx":242.2866668701172,"fy":242.21334838867188,"height":341,"id":73,"img_name":"1658133129.889908.png","position":[0.3904363811016083,-0.6004336476325989,-0.7268810868263245],"rotation":[[0.5838731527328491,0.6953699588775635,0.41899019479751587],[0.2903951406478882,0.3030635118484497,-0.9076470136642456],[-0.7581310868263245,0.6516234874725342,-0.024981379508972168]],"width":408},{"fx":242.2866668701172,"fy":242.21334838867188,"height":341,"id":74,"img_name":"1658133132.191649.png","position":[0.36121630668640137,-0.6041033267974854,-0.6929121613502502],"rotation":[[0.5741561651229858,0.6896442174911499,0.4412885010242462],[0.29868775606155396,0.32540446519851685,-0.8971608281135559],[-0.7623190879821777,0.6469178795814514,-0.019155263900756836]],"width":408},{"fx":242.2866668701172,"fy":242.21334838867188,"height":341,"id":75,"img_name":"1658133134.689364.png","position":[0.3311624228954315,-0.6051923036575317,-0.6580556631088257],"rotation":[[0.5889761447906494,0.6975964903831482,0.4080027937889099],[0.2474122792482376,0.3249725103378296,-0.9127869606018066],[-0.7693466544151306,0.638554573059082,0.01880711317062378]],"width":408},{"fx":242.2866668701172,"fy":242.21334838867188,"height":341,"id":76,"img_name":"1658133137.190486.png","position":[0.30090388655662537,-0.6040809154510498,-0.6231231093406677],"rotation":[[0.6241554617881775,0.6941168308258057,0.3586527705192566],[0.20302093029022217,0.299188494682312,-0.9323458671569824],[-0.7544617056846619,0.6547428369522095,0.045819878578186035]],"width":408},{"fx":242.2866668701172,"fy":242.21334838867188,"height":341,"id":77,"img_name":"1658133139.688891.png","position":[0.27033352851867676,-0.60152268409729,-0.5894283652305603],"rotation":[[0.6346704959869385,0.7008145451545715,0.3256566524505615],[0.16139096021652222,0.2919121980667114,-0.942730188369751],[-0.7557421922683716,0.6508810520172119,0.072162926197052]],"width":408},{"fx":242.2866668701172,"fy":242.21334838867188,"height":341,"id":78,"img_name":"1658133142.091426.png","position":[0.24040314555168152,-0.5975279808044434,-0.5581503510475159],"rotation":[[0.6492578983306885,0.6944087743759155,0.31025904417037964],[0.1156764030456543,0.313027560710907,-0.9426732063293457],[-0.751720130443573,0.6479276418685913,0.12290889024734497]],"width":408},{"fx":242.2866668701172,"fy":242.21334838867188,"height":341,"id":79,"img_name":"1658133144.488416.png","position":[0.21059729158878326,-0.5918326377868652,-0.5263352990150452],"rotation":[[0.6568002700805664,0.6981168985366821,0.28503715991973877],[0.09058752655982971,0.30221468210220337,-0.9489258527755737],[-0.7486035823822021,0.6490755081176758,0.13525396585464478]],"width":408},{"fx":242.2866668701172,"fy":242.21334838867188,"height":341,"id":80,"img_name":"1658133146.889356.png","position":[0.18036872148513794,-0.5850085616111755,-0.49699997901916504],"rotation":[[0.6713088154792786,0.6894084215164185,0.27214059233665466],[0.03646278381347656,0.33600980043411255,-0.9411524534225464],[-0.740280270576477,0.6417269706726074,0.20042860507965088]],"width":408},{"fx":242.2866668701172,"fy":242.21334838867188,"height":341,"id":81,"img_name":"1658133149.286471.png","position":[0.15025876462459564,-0.5765511989593506,-0.46756961941719055],"rotation":[[0.6795606017112732,0.6895480751991272,0.25044140219688416],[0.0023275017738342285,0.33934956789016724,-0.9406574964523315],[-0.7336157560348511,0.6398166418075562,0.2290036678314209]],"width":408},{"fx":242.2866668701172,"fy":242.21334838867188,"height":341,"id":82,"img_name":"1658133151.688758.png","position":[0.1203967034816742,-0.5663390755653381,-0.43880346417427063],"rotation":[[0.6869140863418579,0.6928026676177979,0.2194848656654358],[-0.03696027398109436,0.3349260687828064,-0.9415193200111389],[-0.7257982492446899,0.6386306881904602,0.25567156076431274]],"width":408},{"fx":242.2866668701172,"fy":242.21334838867188,"height":341,"id":83,"img_name":"1658133154.190054.png","position":[0.08972150087356567,-0.5542367696762085,-0.4103536605834961],"rotation":[[0.6959878206253052,0.6946609020233154,0.18178874254226685],[-0.09613296389579773,0.34103286266326904,-0.935123085975647],[-0.7115893363952637,0.633358359336853,0.3041344881057739]],"width":408},{"fx":242.2866668701172,"fy":242.21334838867188,"height":341,"id":84,"img_name":"1658133156.488007.png","position":[0.0620468370616436,-0.5415865778923035,-0.38406455516815186],"rotation":[[0.7055229544639587,0.6962719559669495,0.1320711076259613],[-0.13349169492721558,0.31359171867370605,-0.9401277899742126],[-0.6960009336471558,0.6456514000892639,0.31419265270233154]],"width":408},{"fx":242.2866668701172,"fy":242.21334838867188,"height":341,"id":85,"img_name":"1658133158.587848.png","position":[0.03577454388141632,-0.5288923978805542,-0.36018699407577515],"rotation":[[0.7063742876052856,0.6960049867630005,0.12888890504837036],[-0.13322779536247253,0.30956321954727173,-0.9414992332458496],[-0.695187509059906,0.6478792428970337,0.31139475107192993]],"width":408},{"fx":242.2866668701172,"fy":242.21334838867188,"height":341,"id":86,"img_name":"1658133160.989130.png","position":[0.006200768053531647,-0.5130080580711365,-0.3338431417942047],"rotation":[[0.7085051536560059,0.6959233283996582,0.11709481477737427],[-0.1421276032924652,0.3032393455505371,-0.9422556757926941],[-0.6912453770637512,0.6509506106376648,0.3137565851211548]],"width":408},{"fx":242.2866668701172,"fy":242.21334838867188,"height":341,"id":87,"img_name":"1658133163.387125.png","position":[-0.021927837282419205,-0.49630624055862427,-0.3100772202014923],"rotation":[[0.7141233682632446,0.6967766284942627,0.06730678677558899],[-0.20807385444641113,0.303086519241333,-0.9299699068069458],[-0.6683809757232666,0.6501084566116333,0.36142218112945557]],"width":408},{"fx":242.2866668701172,"fy":242.21334838867188,"height":341,"id":88,"img_name":"1658133165.688847.png","position":[-0.04882805794477463,-0.47906625270843506,-0.2879420816898346],"rotation":[[0.7129412889480591,0.7006218433380127,0.029048413038253784],[-0.2624010443687439,0.3049723505973816,-0.9154984951019287],[-0.6502772569656372,0.6450743675231934,0.4012712836265564]],"width":408},{"fx":242.2866668701172,"fy":242.21334838867188,"height":341,"id":89,"img_name":"1658133167.988759.png","position":[-0.07590389996767044,-0.46048808097839355,-0.26595690846443176],"rotation":[[0.7163780927658081,0.6977105736732483,0.0015406310558319092],[-0.29193830490112305,0.30175328254699707,-0.9075884819030762],[-0.6336990594863892,0.6497267484664917,0.41985785961151123]],"width":408},{"fx":242.2866668701172,"fy":242.21334838867188,"height":341,"id":90,"img_name":"1658133170.285723.png","position":[-0.10267516225576401,-0.44107282161712646,-0.24482910335063934],"rotation":[[0.7142257690429688,0.6997389197349548,-0.01571488380432129],[-0.313620388507843,0.2998795509338379,-0.9009520411491394],[-0.6257185935974121,0.6484116911888123,0.43363410234451294]],"width":408},{"fx":242.2866668701172,"fy":242.21334838867188,"height":341,"id":91,"img_name":"1658133172.587069.png","position":[-0.12913824617862701,-0.42079469561576843,-0.2253812998533249],"rotation":[[0.7132879495620728,0.7001367211341858,-0.03207683563232422],[-0.35247355699539185,0.31878381967544556,-0.8798518776893616],[-0.6057910323143005,0.6388939023017883,0.47416430711746216]],"width":408},{"fx":242.2866668701172,"fy":242.21334838867188,"height":341,"id":92,"img_name":"1658133174.889660.png","position":[-0.1547013819217682,-0.39967072010040283,-0.2065020203590393],"rotation":[[0.7090495228767395,0.7024880051612854,-0.0613136887550354],[-0.39444559812545776,0.3230453133583069,-0.8602641820907593],[-0.5845181345939636,0.6341547966003418,0.5061483979225159]],"width":408},{"fx":242.2866668701172,"fy":242.21334838867188,"height":341,"id":93,"img_name":"1658133177.386262.png","position":[-0.18193134665489197,-0.3754449784755707,-0.1869017481803894],"rotation":[[0.707133948802948,0.7000901699066162,-0.09917333722114563],[-0.4316290616989136,0.3163022994995117,-0.8447777032852173],[-0.5600517988204956,0.6401771306991577,0.525847315788269]],"width":408},{"fx":242.2866668701172,"fy":242.21334838867188,"height":341,"id":94,"img_name":"1658133179.787270.png","position":[-0.20761899650096893,-0.35099148750305176,-0.16906331479549408],"rotation":[[0.70218825340271,0.7000461220741272,-0.12987330555915833],[-0.45998308062553406,0.3068075180053711,-0.8332375288009644],[-0.5434585809707642,0.6448291540145874,0.5374460220336914]],"width":408},{"fx":242.2866668701172,"fy":242.21334838867188,"height":341,"id":95,"img_name":"1658133182.188677.png","position":[-0.2332070916891098,-0.3259141147136688,-0.152802512049675],"rotation":[[0.6984610557556152,0.6995288729667664,-0.15103502571582794],[-0.49528974294662476,0.32017016410827637,-0.8075761198997498],[-0.5165658593177795,0.6388666033744812,0.5700958371162415]],"width":408},{"fx":242.2866668701172,"fy":242.21334838867188,"height":341,"id":96,"img_name":"1658133184.787185.png","position":[-0.25950130820274353,-0.2976415455341339,-0.13596469163894653],"rotation":[[0.6862790584564209,0.7016717791557312,-0.19151458144187927],[-0.5354428887367249,0.3091808557510376,-0.7859442234039307],[-0.4922621548175812,0.6419222354888916,0.5878894329071045]],"width":408},{"fx":242.2866668701172,"fy":242.21334838867188,"height":341,"id":97,"img_name":"1658133187.189214.png","position":[-0.2841606140136719,-0.27042585611343384,-0.12141016125679016],"rotation":[[0.6825283765792847,0.700579047203064,-0.20819254219532013],[-0.5574480295181274,0.3147925138473511,-0.768217146396637],[-0.47265928983688354,0.6403865218162537,0.6053911447525024]],"width":408},{"fx":242.2866668701172,"fy":242.21334838867188,"height":341,"id":98,"img_name":"1658133190.088306.png","position":[-0.312788188457489,-0.23689091205596924,-0.10545770823955536],"rotation":[[0.672453761100769,0.7035537362098694,-0.22982200980186462],[-0.5890491604804993,0.32071876525878906,-0.7417280673980713],[-0.4481373131275177,0.6341543197631836,0.6300963163375854]],"width":408},{"fx":242.2866668701172,"fy":242.21334838867188,"height":341,"id":99,"img_name":"1658133192.586892.png","position":[-0.3360954225063324,-0.20729607343673706,-0.0928780660033226],"rotation":[[0.6599370241165161,0.6999865174293518,-0.2729507088661194],[-0.626608669757843,0.3123396635055542,-0.714006781578064],[-0.41454172134399414,0.6422327756881714,0.6447420120239258]],"width":408},{"fx":242.2866668701172,"fy":242.21334838867188,"height":341,"id":100,"img_name":"1658133195.089435.png","position":[-0.35901206731796265,-0.17652924358844757,-0.08133357763290405],"rotation":[[0.6537625789642334,0.6960610747337341,-0.2968057096004486],[-0.6460028290748596,0.30914199352264404,-0.6979339122772217],[-0.39404943585395813,0.6480203866958618,0.6517627239227295]],"width":408},{"fx":242.2866668701172,"fy":242.21334838867188,"height":341,"id":101,"img_name":"1658133197.486488.png","position":[-0.38032445311546326,-0.14708760380744934,-0.07182098925113678],"rotation":[[0.6381481885910034,0.7000597715377808,-0.32044216990470886],[-0.679115891456604,0.31573545932769775,-0.6626558303833008],[-0.3627237379550934,0.640489935874939,0.6769077777862549]],"width":408},{"fx":242.2866668701172,"fy":242.21334838867188,"height":341,"id":102,"img_name":"1658133200.286124.png","position":[-0.4043671190738678,-0.1114434078335762,-0.06178708374500275],"rotation":[[0.6252446174621582,0.698189914226532,-0.3487119972705841],[-0.706942617893219,0.31740498542785645,-0.6320492625236511],[-0.33060744404792786,0.6417047381401062,0.6920359134674072]],"width":408},{"fx":242.2866668701172,"fy":242.21334838867188,"height":341,"id":103,"img_name":"1658133203.187934.png","position":[-0.42807242274284363,-0.07361987978219986,-0.05245980620384216],"rotation":[[0.6054395437240601,0.6954615712165833,-0.3870091736316681],[-0.7350010275840759,0.30203235149383545,-0.6070830821990967],[-0.30531367659568787